94235
5582
222
2939
51806
3284
130
122481
728635
5319
5737
1586
2948
1555
54600
2904
594
107
53630
2744
122618
9388
54578
3990
7915
2950
3558
27306
4609
85417
7409
2261
240
286151
8061
203
8854
84265
139189
205
4907
157506
1592
2056
2538
1607
6262
2916
3283
27115
3620
3569
890
1548
253558
1956
30
83593
5563
26289
3953
5140
2792
2917
9945
1491
781
2353
2774
129607
3977
10663
2736
35
84649
64425
218
5603
143503
9560
3577
4893
51179
81285
23236
151531
4837
196051
552
9586
5566
5608
3689
8694
80270
5567
36
55862
2064
100137049
34
3091
891
2905
5236
1036
9088
401427
11211
2329
1621
6300
5313
367
5320
1573
54331
9314
1576
26
9630
3242
11145
26279
54658
8605
1588
116255
279
4615
4982
1545
5933
4860
3458
7852
5322
5568
54659
4257
7923
115024
216
51655
4051
5337
346606
3718
2571
815
1066
5095
123745
3033
7412
2882
3290
80201
9536
2805
1806
246
5332
169355
5156
2687
2263
978
2891
100528021
3592
3791
57571
10390
5288
108
5091
8644
10901
79888
54576
8323
2921
6716
5152
50940
114
995
1109
2260
5138
6718
247
5321
2354
5409
10400
10846
185
5293
3784
1129
1644
219
683
8600
3556
275
89869
5159
1579
163688
54947
23057
8394
8972
5934
255189
3815
2890
79799
7124
122622
412
221
1869
2264
1646
7476
6715
2328
2778
8743
4780
2775
55902
54981
7253
654364
814
9133
242
2770
3560
8405
3294
6241
10365
8911
5106
390072
2806
1583
8613
112
8395
2214
6416
2944
84618
11283
6696
2947
1544
847
1589
1807
3579
1543
64902
80168
1958
5167
9
9227
955
162998
7423
23417
2746
57172
18
5579
3948
27092
729230
1559
54361
3101
1962
316
6783
6714
1562
5959
29785
5331
810
1436
5347
154141
2052
10720
1593
2686
8399
595
5330
983
6352
84735
5105
377841
956
2776
2982
8912
8630
64109
4129
6608
414062
56603
5169
5139
1557
51733
10449
2946
3576
5522
4616
5142
1312
1843
7363
158067
2308
4688
5148
2737
2987
1040
4804
197257
2784
10170
7161
2903
390079
27124
1608
1551
54363
1582
554
79611
5137
3099
2678
2645
2918
6662
54577
1585
54657
51196
775
3630
124
445
5154
8529
8612
53358
270
5742
1021
1645
8398
1571
134526
2914
7364
84152
7366
56895
2625
4522
3684
1373
223
138882
10941
1524
2892
5602
9415
1026
10
259307
1565
10681
2953
2326
55811
54579
2277
53632
2322
2912
2902
874
898
196883
2717
50700
1581
3596
5136
5143
1536
10125
124975
2628
6820
5336
1029
119391
2735
5295
1890
2767
2786
3055
90993
1558
27165
4852
7367
10555
5600
126
6351
7054
7365
6774
57016
130589
111
993
51422
2099
3845
55276
9446
3553
2833
100132074
127
8608
217
2877
1946
10912
10135
51
54490
9162
3480
3651
952
33
4329
128
653689
6348
3725
50487
1577
1969
1376
1553
4842
5518
220
3690
8681
2247
5435
131
991
6472
64600
2938
93034
587
349565
8277
7157
3383
54575
145226
2747
816
5743
125
653361
1892
5158
2941
2949